% Intrinsic and Extrinsic Camera Parameters
%
% This script file can be directly executed under Matlab to recover the camera intrinsic and extrinsic parameters.
% IMPORTANT: This file contains neither the structure of the calibration objects nor the image coordinates of the calibration points.
%            All those complementary variables are saved in the complete matlab data file Calib_Results.mat.
% For more information regarding the calibration model visit http://www.vision.caltech.edu/bouguetj/calib_doc/


%-- Focal length:
fc = [ 648.252714091712505 ; 665.457657764503892 ];

%-- Principal point:
cc = [ 319.500000000000000 ; 239.500000000000000 ];

%-- Skew coefficient:
alpha_c = 0.000000000000000;

%-- Distortion coefficients:
kc = [ -0.253050817733947 ; 0.107579288820962 ; -0.000892075894271 ; -0.006464648995082 ; 0.000000000000000 ];

%-- Focal length uncertainty:
fc_error = [ 8.701710449013888 ; 1.259649859667553 ];

%-- Principal point uncertainty:
cc_error = [ 0.000000000000000 ; 0.000000000000000 ];

%-- Skew coefficient uncertainty:
alpha_c_error = 0.000000000000000;

%-- Distortion coefficients uncertainty:
kc_error = [ 0.013468617642532 ; 0.049558667793101 ; 0.001616340728027 ; 0.001658317650321 ; 0.000000000000000 ];

%-- Image size:
nx = 640;
ny = 480;


%-- Various other variables (may be ignored if you do not use the Matlab Calibration Toolbox):
%-- Those variables are used to control which intrinsic parameters should be optimized

n_ima = 20;						% Number of calibration images
est_fc = [ 1 ; 1 ];					% Estimation indicator of the two focal variables
est_aspect_ratio = 1;				% Estimation indicator of the aspect ratio fc(2)/fc(1)
center_optim = 0;					% Estimation indicator of the principal point
est_alpha = 0;						% Estimation indicator of the skew coefficient
est_dist = [ 1 ; 1 ; 1 ; 1 ; 0 ];	% Estimation indicator of the distortion coefficients


%-- Extrinsic parameters:
%-- The rotation (omc_kk) and the translation (Tc_kk) vectors for every calibration image and their uncertainties

%-- Image #1:
omc_1 = [ NaN ; NaN ; NaN ];
Tc_1  = [ NaN ; NaN ; NaN ];
omc_error_1 = [ NaN ; NaN ; NaN ];
Tc_error_1  = [ NaN ; NaN ; NaN ];

%-- Image #2:
omc_2 = [ NaN ; NaN ; NaN ];
Tc_2  = [ NaN ; NaN ; NaN ];
omc_error_2 = [ NaN ; NaN ; NaN ];
Tc_error_2  = [ NaN ; NaN ; NaN ];

%-- Image #3:
omc_3 = [ NaN ; NaN ; NaN ];
Tc_3  = [ NaN ; NaN ; NaN ];
omc_error_3 = [ NaN ; NaN ; NaN ];
Tc_error_3  = [ NaN ; NaN ; NaN ];

%-- Image #4:
omc_4 = [ NaN ; NaN ; NaN ];
Tc_4  = [ NaN ; NaN ; NaN ];
omc_error_4 = [ NaN ; NaN ; NaN ];
Tc_error_4  = [ NaN ; NaN ; NaN ];

%-- Image #5:
omc_5 = [ NaN ; NaN ; NaN ];
Tc_5  = [ NaN ; NaN ; NaN ];
omc_error_5 = [ NaN ; NaN ; NaN ];
Tc_error_5  = [ NaN ; NaN ; NaN ];

%-- Image #6:
omc_6 = [ NaN ; NaN ; NaN ];
Tc_6  = [ NaN ; NaN ; NaN ];
omc_error_6 = [ NaN ; NaN ; NaN ];
Tc_error_6  = [ NaN ; NaN ; NaN ];

%-- Image #7:
omc_7 = [ NaN ; NaN ; NaN ];
Tc_7  = [ NaN ; NaN ; NaN ];
omc_error_7 = [ NaN ; NaN ; NaN ];
Tc_error_7  = [ NaN ; NaN ; NaN ];

%-- Image #8:
omc_8 = [ NaN ; NaN ; NaN ];
Tc_8  = [ NaN ; NaN ; NaN ];
omc_error_8 = [ NaN ; NaN ; NaN ];
Tc_error_8  = [ NaN ; NaN ; NaN ];

%-- Image #9:
omc_9 = [ NaN ; NaN ; NaN ];
Tc_9  = [ NaN ; NaN ; NaN ];
omc_error_9 = [ NaN ; NaN ; NaN ];
Tc_error_9  = [ NaN ; NaN ; NaN ];

%-- Image #10:
omc_10 = [ NaN ; NaN ; NaN ];
Tc_10  = [ NaN ; NaN ; NaN ];
omc_error_10 = [ NaN ; NaN ; NaN ];
Tc_error_10  = [ NaN ; NaN ; NaN ];

%-- Image #11:
omc_11 = [ NaN ; NaN ; NaN ];
Tc_11  = [ NaN ; NaN ; NaN ];
omc_error_11 = [ NaN ; NaN ; NaN ];
Tc_error_11  = [ NaN ; NaN ; NaN ];

%-- Image #12:
omc_12 = [ NaN ; NaN ; NaN ];
Tc_12  = [ NaN ; NaN ; NaN ];
omc_error_12 = [ NaN ; NaN ; NaN ];
Tc_error_12  = [ NaN ; NaN ; NaN ];

%-- Image #13:
omc_13 = [ NaN ; NaN ; NaN ];
Tc_13  = [ NaN ; NaN ; NaN ];
omc_error_13 = [ NaN ; NaN ; NaN ];
Tc_error_13  = [ NaN ; NaN ; NaN ];

%-- Image #14:
omc_14 = [ NaN ; NaN ; NaN ];
Tc_14  = [ NaN ; NaN ; NaN ];
omc_error_14 = [ NaN ; NaN ; NaN ];
Tc_error_14  = [ NaN ; NaN ; NaN ];

%-- Image #15:
omc_15 = [ NaN ; NaN ; NaN ];
Tc_15  = [ NaN ; NaN ; NaN ];
omc_error_15 = [ NaN ; NaN ; NaN ];
Tc_error_15  = [ NaN ; NaN ; NaN ];

%-- Image #16:
omc_16 = [ NaN ; NaN ; NaN ];
Tc_16  = [ NaN ; NaN ; NaN ];
omc_error_16 = [ NaN ; NaN ; NaN ];
Tc_error_16  = [ NaN ; NaN ; NaN ];

%-- Image #17:
omc_17 = [ NaN ; NaN ; NaN ];
Tc_17  = [ NaN ; NaN ; NaN ];
omc_error_17 = [ NaN ; NaN ; NaN ];
Tc_error_17  = [ NaN ; NaN ; NaN ];

%-- Image #18:
omc_18 = [ NaN ; NaN ; NaN ];
Tc_18  = [ NaN ; NaN ; NaN ];
omc_error_18 = [ NaN ; NaN ; NaN ];
Tc_error_18  = [ NaN ; NaN ; NaN ];

%-- Image #19:
omc_19 = [ NaN ; NaN ; NaN ];
Tc_19  = [ NaN ; NaN ; NaN ];
omc_error_19 = [ NaN ; NaN ; NaN ];
Tc_error_19  = [ NaN ; NaN ; NaN ];

%-- Image #20:
omc_20 = [ 1.877221e+00 ; 1.597916e+00 ; 1.486809e+00 ];
Tc_20  = [ -1.569818e+02 ; -8.564320e+01 ; 3.994603e+02 ];
omc_error_20 = [ 4.536505e-03 ; 7.674342e-03 ; 1.143171e-03 ];
Tc_error_20  = [ 1.625899e+00 ; 1.565357e-01 ; 1.749286e+00 ];

